0.213
0.427
0.640
0.853
1.067
1.280
1.493
1.707
1.920
2.133
2.347
2.560
2.773
2.987
3.200
3.413
3.627
3.840
4.053
4.267
4.480
4.693
4.907
5.120
5.333
5.547
5.760
5.973
6.187
6.400
6.613
6.827
7.040
7.253
7.488
7.701
7.915
8.128
8.341
8.555
8.768
8.981
9.195
9.408
9.621
9.835
10.048
10.283
10.496
10.709
10.923
11.136
11.349
11.563
11.776
11.989
12.203
12.416
12.629
12.843
13.056
13.269
13.483
13.696
13.909
14.123
14.336
14.549
14.763
14.976
15.189
15.403
15.616
15.829
16.043
16.256
16.469
16.683
16.896
17.109
17.323
17.536
17.749
17.963
18.176
18.389
18.603
18.816
19.029
19.243
19.456
19.669
19.904
20.117
20.331
20.544
20.757
20.971
21.184
21.397
21.611
21.824
22.037
22.251
22.464
22.677
22.891
23.104
23.317
23.531
23.744
23.957
24.171
24.384
24.597
24.811
25.024
25.237
25.451
25.664
25.877
26.091
26.304
26.517
26.731
26.944
